28809	0
23916	0
12512	1
26838	1
27814	0
25222	0
26432	0
17002	1
9778	1
20834	1
2672	0
1765	0
8906	1
9379	0
31594	1
17826	0
1979	0
28586	1
28491	1
9885	1
11756	0
24998	1
4969	0
30787	0
28535	1
14161	0
26512	1
11755	0
22329	1
17668	0
27918	1
18210	1
8292	0
17791	1
19918	0
17219	1
26124	1
16388	0
7517	1
5250	0
14178	0
18251	1
28152	1
17286	0
23047	1
17516	0
1791	0
11131	0
23698	1
25114	1
16894	1
26421	0
12629	0
26500	1
23415	1
1326	0
17508	1
27197	1
26815	1
6792	1
25116	0
25901	0
11411	1
2977	1
24912	0
1091	0
820	1
24686	0
28147	1
410	0
6338	1
17465	1
1243	0
31010	1
23279	1
9368	0
10072	1
23684	1
26107	1
29346	1
24015	0
764	0
29361	0
15063	1
24985	0
24236	0
18036	0
16214	1
10060	0
16245	1
550	1
31907	0
9139	1
28121	1
1480	0
28687	0
30344	0
19063	1
31748	1
9597	0
13694	0
14644	0
31085	0
13096	0
23606	0
32564	1
18589	0
19329	1
24489	0
22170	1
20865	0
9454	0
27492	1
28551	0
7888	0
12841	1
29296	0
14260	1
4968	0
1566	1
1906	1
4552	1
13961	0
4307	1
8563	1
29622	0
5112	1
6059	0
11433	1
2415	0
15761	0
29517	0
19993	0
9656	1
23959	0
15094	0
5334	1
22219	0
11916	1
7510	0
25626	0
12768	0
8252	1
6354	1
23750	1
20435	1
22251	1
4875	0
16244	0
7443	1
24063	1
23726	1
28692	1
7106	1
31944	1
26152	0
4812	0
23822	0
21394	1
4028	1
8551	1
17178	1
12143	0
27672	1
25946	1
4691	0
31825	1
14114	1
4906	0
2605	1
15618	0
17272	0
31695	0
30295	1
20475	1
32349	0
12540	0
18842	1
13501	0
14105	0
29640	1
11451	0
27711	0
9122	1
30780	0
5204	1
1029	1
16358	1
7438	0
23642	1
4447	0
8133	1
2472	0
10885	0
15905	1
26880	1
8222	0
5607	0
17904	0
31430	1
28890	1
14654	1
30244	1
30221	1
14207	1
31715	1
9920	1
31379	1
19845	1
28200	1
2346	0
27155	0
25516	1
24522	0
23195	1
3889	0
4942	0
32395	0
25546	1
25275	1
13144	0
25364	1
6623	0
9996	0
15	1
22317	1
30895	1
29899	0
5268	0
30670	0
14315	1
5447	1
14944	1
29906	1
18434	1
5777	1
21307	1
21794	1
16594	1
27398	1
7054	1
22427	1
31161	1
17354	1
24210	1
30322	0
23758	1
23165	0
25643	0
6148	1
19693	1
16950	1
8110	1
14109	0
21975	0
31041	1
16570	0
32511	0
11309	1
13406	1
16658	0
26128	0
13173	1
21464	1
5842	1
2548	0
26800	1
16011	1
23788	1
13026	1
16546	1
14714	0
32573	1
21743	0
27129	0
4031	0
7690	1
15047	0
23231	1
13752	0
4905	0
4229	0
30576	1
9029	1
19959	0
21398	1
20386	0
29648	0
29759	1
2554	1
26863	1
5961	1
27219	0
28645	1
28460	0
6522	0
24645	1
19390	0
15170	0
3484	0
7479	0
21739	0
24484	0
20766	0
2560	1
2913	1
21677	0
14364	1
19673	1
23883	1
13977	1
14428	1
20638	0
20857	1
13293	0
11843	1
20344	1
26737	1
17074	0
32637	1
3760	0
21807	0
4107	0
21145	1
16397	0
2120	0
11462	0
18101	0
17710	1
16514	0
30614	1
22083	1
5708	0
16773	0
1641	1
23333	1
16811	0
28200	0
4595	1
29461	1
25545	0
1439	0
17247	1
19395	1
27582	1
15193	0
17496	0
18938	0
6988	1
26733	0
8763	1
2284	1
7089	0
6464	1
28372	0
14863	0
23592	1
11775	0
7550	0
20243	0
13774	1
13726	1
25507	1
27851	0
22551	0
24209	1
7927	1
22387	0
10956	1
18196	0
15757	1
11867	1
10791	1
2691	1
15917	1
32584	1
12490	0
26009	1
1671	0
3816	1
20385	1
11107	1
23920	0
24656	0
15180	1
18822	1
8864	0
13815	1
1139	0
28150	1
13644	1
7249	0
18623	1
25021	1
18489	0
16990	0
31255	1
19195	1
21522	1
17716	0
2211	1
15756	0
30727	0
26502	0
26216	0
30906	0
17826	1
18464	0
4381	0
27437	1
18859	1
13026	0
15495	1
18947	0
8547	1
680	1
18035	0
13828	1
21878	1
26003	0
21987	1
20477	1
32511	0
8264	0
311	1
30442	1
16254	1
30038	1
8755	0
3317	0
11632	0
5878	1
25353	1
3565	0
4860	1
20359	0
16864	0
26516	1
12425	1
30137	1
7513	0
9100	1
22173	1
4987	0
3907	0
13253	1
17204	1
3389	1
26254	1
30644	0
22077	0
4013	1
2551	1
21960	0
20278	0
31748	1
2734	1
21990	0
1607	0
7114	0
6493	0
10263	0
18710	1
11060	0
2996	1
25071	0
22162	1
18385	1
11597	1
30774	1
22502	1
23435	1
12152	0
32426	0
1095	0
2267	0
19615	1
1046	1
26762	1
22076	1
3740	0
29026	1
26484	1
23733	1
18806	0
2308	1
6969	1
10860	1
22786	1
975	0
9119	1
22928	1
5098	1
14209	0
7775	0
3991	1
8618	1
12026	1
23373	0
30042	0
18325	1
20377	0
32337	0
18816	0
27459	0
8884	1
3968	1
5370	1
22421	1
6407	1
10597	0
15234	1
26244	0
6925	0
3294	0
17453	1
32007	1
16530	1
7730	0
30854	0
28012	0
32368	0
6380	1
25247	0
8154	1
23756	1
23985	0
25163	0
10262	0
24140	1
17935	1
10784	0
20000	0
9289	1
11914	0
32516	0
21960	0
24710	0
1324	1
8106	0
11021	0
28543	1
5621	0
18180	1
5253	0
14835	0
15124	1
17363	0
27102	1
2472	1
29140	1
32558	1
23735	0
30188	1
889	1
2194	1
32748	0
5447	1
28561	1
16671	1
27665	0
11804	1
14725	0
3831	1
24541	0
4028	1
25434	0
28993	1
22671	0
20139	1
6310	1
27997	1
3206	0
9495	1
20318	0
19771	0
30072	1
25065	0
11995	1
756	1
1753	1
8473	1
26968	0
6336	0
6216	0
15601	1
20359	0
25028	1
21858	1
32540	1
10210	1
25705	1
12435	0
2038	0
25505	0
18536	1
21079	1
19608	0
15681	1
22499	0
29933	0
29749	1
30787	1
21070	0
806	1
10398	1
25034	1
16157	1
19784	0
29443	0
23395	1
7430	1
19877	0
11451	1
13465	0
22136	0
15750	0
28558	0
2876	0
26788	1
8290	1
4641	1
3545	0
24103	1
23449	0
10172	1
7131	0
25869	0
26548	0
15170	1
22025	0
18440	1
9865	0
550	1
29635	0
16929	0
596	0
21675	1
5001	1
7833	0
30357	1
31824	0
25841	0
3531	0
783	0
27035	0
25769	1
16263	0
8760	0
6294	0
28658	1
17019	1
21582	1
10701	1
12332	0
20139	0
20926	0
4429	0
28361	0
21340	1
23169	1
29486	0
9373	0
8670	0
19902	0
25561	1
23776	1
21283	1
13636	0
20807	0
22904	0
3347	0
17564	1
24550	0
23018	0
4174	0
29271	0
11214	0
13958	0
17809	0
12948	1
1525	0
12494	0
18151	0
13651	1
3430	0
23495	1
19231	0
20693	0
32266	0
18631	1
24129	1
23097	0
301	0
30592	0
8300	1
5070	0
29542	1
27655	1
29060	1
30384	0
5437	1
146	0
7284	1
10093	0
16363	0
16242	0
26157	0
25907	1
8348	1
30510	0
4979	1
1350	1
32337	0
20388	0
6722	0
27465	0
31374	0
14516	0
29315	0
15417	1
22809	0
9046	0
11790	0
21029	0
15369	1
388	0
1510	1
23374	0
31001	0
12965	0
30601	1
11449	0
22545	0
10843	0
8520	0
14428	0
30756	0
25747	0
18868	1
18543	0
28835	0
788	1
25901	0
7674	1
17127	1
10829	0
5967	1
26066	1
29630	0
24059	0
27784	0
6891	0
23683	1
27821	1
24005	0
5474	0
2567	0
22643	1
8239	0
28374	1
26255	1
8388	0
32330	1
9908	0
21472	1
27541	0
24886	0
26210	0
28801	0
9842	1
4549	0
28985	1
347	1
25995	0
30274	1
6175	1
16294	0
5093	0
26181	0
11637	1
9407	0
14288	1
32216	1
4628	0
9276	0
24581	1
21493	0
10516	1
19022	1
13635	1
2797	0
6297	0
12619	1
10042	1
9842	0
25907	0
28329	0
196	0
11605	0
1436	1
5930	0
4053	1
879	0
31388	0
16927	1
8429	0
23889	0
23262	0
16081	0
31407	0
8722	0
5738	1
31136	0
29259	1
24812	1
12402	1
4828	0
11156	0
3556	0
22670	1
10211	0
1905	0
18956	1
26414	1
31488	0
8988	0
18954	1
28138	0
29736	1
17628	0
20012	1
32044	0
1234	1
19531	0
3588	1
8772	0
10180	0
3153	0
24513	0
4819	0
21429	1
26866	1
10694	1
2750	0
25209	1
28179	0
8149	1
24457	1
11931	0
27167	0
20802	1
10308	0
21452	0
14416	0
19561	1
9369	1
759	0
25940	1
8286	0
27782	0
16555	1
9991	0
27119	0
14800	0
18754	1
17714	0
5612	1
14844	1
7588	1
28749	0
28651	0
2225	1
25115	0
23385	0
30363	1
25855	1
1693	0
17403	0
32667	1
30372	0
13690	0
22511	1
32414	0
8369	1
10251	1
19615	0
19891	1
26584	0
1033	1
14646	1
14378	1
20947	0
1073	0
16029	0
14969	0
22219	0
21925	1
4150	1
1288	0
15583	1
13034	0
12171	1
7633	1
6396	1
13095	1
1710	1
11182	0
7200	1
29132	1
15952	1
910	0
29925	1
13700	0
17655	1
11794	1
19506	1
4652	0
2315	0
11224	0
14486	1
24672	1
30363	1
19223	0
21363	1
4160	0
23174	0
4123	0
5424	0
21328	0
26643	0
29440	1
30313	0
28269	0
21610	0
6676	0
25461	0
6753	0
27165	0
25511	0
28109	1
31025	1
12289	1
32423	0
24153	0
24130	1
20368	0
759	0
30631	0
13873	0
18378	0
23162	1
6904	1
24238	0
6913	1
9173	0
10553	1
27134	0
26856	1
29684	0
22445	0
1244	1
28824	0
23953	0
11625	1
9164	1
30580	0
29948	0
29929	1
2796	1
22194	1
32282	0
19851	1
2033	1
30715	0
8318	1
20219	1
111	0
20388	0
14095	0
9272	0
18203	1
14368	0
2633	1
19970	1
5236	0
7673	1
19184	0
5322	0
17940	0
5215	1
5133	0
29388	0
11264	1
18296	0
20550	0
88	0
370	0
17039	1
9421	0
