15122	1
3290	1
14425	1
18788	0
31218	1
24369	1
21562	0
17603	1
7954	1
3603	1
11356	1
22560	1
29482	0
9227	0
16769	0
25621	1
20334	0
15059	1
23895	1
343	0
16589	1
20551	0
28773	1
30817	1
27087	0
21083	1
6932	1
17764	1
1584	0
31214	0
27700	1
29315	0
22047	0
13946	1
4305	1
13464	0
9874	0
7285	1
8485	0
7345	1
11072	1
9936	1
28618	1
12484	0
32520	1
21520	1
13755	1
31958	1
25920	0
20537	1
7392	1
26966	0
18562	0
31462	0
19177	1
20345	1
21176	1
18983	1
10163	0
25789	1
12838	1
14728	0
14124	0
6263	0
32720	0
20394	0
8488	1
32621	0
20165	0
31743	0
13570	1
2981	1
5253	1
24265	0
11706	1
1857	0
15227	0
18343	1
24164	1
9946	0
31081	1
10066	1
25592	1
13134	0
20745	1
28211	1
11878	1
14554	0
21290	0
27775	1
8989	0
28032	0
2216	1
14068	0
30283	0
19887	1
23945	1
24970	0
29602	0
7964	0
19025	1
17899	0
21316	1
24279	1
15169	0
20657	1
22396	1
2897	0
20742	1
24273	0
10901	1
29986	1
2028	0
1121	1
23146	1
17706	0
20902	1
21049	1
17245	0
13091	1
20577	0
8589	1
5307	0
12651	0
17168	1
10430	1
9941	1
7661	0
17191	1
24003	1
22578	1
28112	1
5478	1
23066	1
14599	1
13109	0
9997	1
24696	0
5792	0
28228	1
21688	1
3887	1
11896	0
1101	0
25052	0
25321	0
19937	0
28707	0
27198	1
27922	1
14112	1
139	1
26442	1
17072	0
29113	0
25052	0
20710	1
24586	0
27057	1
12232	0
28189	1
8978	1
7966	1
6952	0
23297	1
26821	1
16680	1
14742	1
27301	0
15909	0
23056	1
31255	1
5012	1
7628	0
17166	1
13273	1
9828	1
30167	1
6746	1
6876	0
3313	0
15867	0
12693	0
17534	1
28185	0
20599	1
20013	0
3467	0
1670	0
6988	1
2905	0
21267	1
10404	1
14994	1
1495	1
4460	0
9210	0
30598	1
10433	1
19988	1
13772	0
1773	1
8508	1
17428	1
24588	1
27077	0
14065	0
28708	1
15077	1
30456	0
11388	0
15964	0
21116	0
30591	1
23561	1
23994	1
16334	1
22679	1
18938	0
1240	0
27430	1
7801	0
13895	1
12227	0
5180	1
8022	1
7390	1
20592	0
12670	0
17621	0
6110	1
13039	0
6785	1
716	1
15745	0
12016	1
14638	0
1054	1
32563	0
11955	1
27055	1
22249	1
6343	0
17765	0
5349	0
3918	1
4749	1
3525	0
10170	0
22432	1
17022	1
334	1
23685	1
6949	0
21868	0
22211	1
16266	0
3227	1
7072	1
8177	0
22543	1
16424	1
16504	0
8502	0
27417	1
8928	0
17022	1
29571	1
655	1
9760	0
22419	0
22660	1
18123	0
15914	0
6679	0
22541	1
18187	1
17229	1
17226	1
2297	1
1224	1
13171	1
9725	0
5760	0
25779	0
11394	1
11930	1
9293	0
7081	0
4523	0
7276	0
31341	1
26285	0
15631	0
4888	1
5539	0
1244	1
30530	1
22345	0
6232	1
28045	1
20130	1
31504	1
8018	1
28550	1
28721	1
29284	1
16359	0
23256	1
29192	1
18128	0
27605	1
31989	0
21920	0
21350	1
5346	0
32209	1
12032	1
26688	0
12686	1
28061	1
30519	0
24683	0
3259	1
19972	1
27667	1
32392	0
26282	0
18198	0
123	0
4183	0
3878	1
10176	1
20738	1
18512	0
4062	0
3465	1
4586	0
12200	1
11444	0
12610	1
30475	1
2890	0
6339	0
16325	0
4009	0
10360	1
24905	0
2527	0
23004	1
3480	0
1333	0
6753	1
28621	0
26134	0
6133	0
5251	1
13037	1
8043	1
6230	0
11489	0
24486	1
12047	0
8772	1
22282	1
23730	1
22303	0
22766	1
7075	0
6026	1
12828	1
24611	1
16197	0
22124	0
12540	0
11453	0
23686	1
19489	1
13037	0
6024	1
27588	0
29359	0
31192	1
27087	1
19468	0
16687	1
28409	1
175	0
13823	1
12900	1
18922	0
10864	1
24	1
16803	0
14816	0
7998	1
27042	0
10334	1
25615	1
28830	1
6676	1
15623	1
7845	1
647	0
410	0
20186	0
16700	1
25885	1
31347	1
14126	1
13858	0
25194	0
625	0
11990	0
15692	1
23842	0
3054	0
18646	1
4198	1
21792	1
12109	1
29545	0
1375	1
4656	1
1232	1
21614	1
14163	0
4053	1
6578	0
26787	0
7306	1
7405	1
18075	1
21067	0
30043	0
11663	1
18766	0
22808	0
19597	1
19723	0
7899	0
9103	1
18161	0
22012	1
22571	0
21581	1
428	0
16043	0
5451	1
31112	1
31655	1
16856	1
3697	0
27905	0
17764	0
14024	1
8149	1
15397	0
5610	1
31022	0
25841	1
26620	1
29954	1
20712	1
14326	0
6973	0
29419	0
15459	1
29895	0
8109	0
17168	0
13926	0
24276	0
20164	1
1763	1
21127	0
281	1
22259	0
1086	1
17455	1
16208	1
18822	1
5856	1
15159	1
17452	1
311	1
3536	1
1710	1
8366	1
13751	1
26480	1
3023	0
11589	0
12560	0
25676	1
20468	1
17265	0
11680	0
3702	0
23830	1
13700	1
2951	0
14297	1
22102	0
8089	0
1906	0
24921	1
28612	0
5973	1
26510	1
15395	0
22966	0
23817	1
15437	1
3385	0
20211	1
21361	0
7034	1
8000	1
1406	0
7552	1
16289	1
9154	0
11393	0
27510	0
19110	0
2311	1
27790	0
13963	1
11150	1
7635	0
12218	1
2585	0
14181	0
15443	0
30896	0
8164	1
15178	0
25702	0
9361	1
19483	1
28840	1
5909	0
29465	1
12577	0
21403	1
27134	1
24019	1
16137	1
32085	0
16464	0
7210	1
4257	0
3611	0
18387	0
12416	0
18072	1
3846	0
2650	0
21726	1
23641	1
3600	0
19977	0
31228	1
2084	1
807	1
17304	0
6639	0
13836	1
17751	0
16818	1
9456	0
9556	0
30169	1
17825	0
26579	0
21451	0
1624	0
17857	1
8818	0
376	1
5163	1
17826	1
15758	1
8775	0
8661	0
27198	1
20491	0
8690	1
27255	1
16950	1
1442	0
25365	0
4809	1
9042	0
27871	1
4050	0
22237	1
31204	0
27342	1
27998	1
26928	0
7583	1
32270	1
19421	0
27694	1
14191	0
7979	1
25411	0
439	1
21922	1
14590	1
20122	0
14782	0
857	1
268	1
9566	1
6280	0
7170	1
24023	0
29578	1
5787	1
25715	1
23491	0
1359	1
5291	1
31128	0
13589	1
22579	1
18204	1
31594	1
2983	0
15391	0
16947	1
13647	0
32373	1
26088	1
26804	0
32557	1
24845	0
29032	1
26111	0
7383	0
15884	0
25456	1
7673	0
30974	0
3639	1
11720	1
27359	0
25969	0
13309	0
1667	1
11358	0
20165	0
17894	1
7085	1
26886	0
27010	0
13639	0
9424	1
6927	1
18206	0
15962	1
22053	0
11024	0
26861	1
16365	0
3273	0
24243	1
3555	0
27314	0
22277	1
5981	0
21558	0
1571	0
14310	0
32555	1
15	0
2388	1
15100	0
1491	1
3901	1
18072	1
27712	1
4286	0
26167	0
21137	0
6195	0
22024	1
23812	1
3098	1
22244	1
10062	0
20204	0
6458	1
13862	0
13181	1
8296	1
27140	0
18235	1
3265	1
13687	0
3260	1
7449	1
22751	0
9601	1
21885	0
17117	1
21976	0
24042	1
24749	0
25760	1
28857	1
12163	1
1086	1
28277	0
9060	1
24013	0
19747	0
10100	0
144	1
28863	0
973	1
23195	1
928	0
6633	1
5715	0
32176	1
32189	1
12013	0
9718	1
25655	0
6705	1
29262	0
26173	0
12899	0
11130	0
20512	0
10144	1
8718	1
10029	0
5827	0
9980	1
20273	0
12519	0
11853	1
7296	1
817	0
13085	1
21545	0
13846	0
14194	0
31055	1
18477	1
30786	1
22866	1
24778	0
22152	1
15703	0
11791	1
17997	0
23872	1
4281	0
14138	0
14236	1
15155	1
9782	1
28033	1
22754	0
31983	1
27339	0
16732	1
19838	1
9681	1
20738	1
30204	0
27697	1
25126	0
21237	0
25697	1
31365	1
27660	0
6084	1
931	0
31968	1
3519	1
1213	0
6831	1
24301	1
5709	1
1514	0
28556	0
27787	1
17550	0
29996	0
29875	0
3835	1
2912	0
11111	0
27577	0
17974	1
12413	1
15586	1
7236	0
4924	0
23850	0
12947	0
11551	1
28650	0
19672	1
11290	1
30964	0
21672	1
857	0
25078	0
2196	0
2571	1
4312	0
17577	0
13641	1
31518	1
11668	0
10430	0
22470	0
13642	0
16696	1
28770	0
25295	1
6025	0
15364	1
30212	1
27903	0
2288	1
14340	1
31564	0
25856	0
31833	0
30615	1
12207	0
18322	0
6267	1
25813	0
7730	0
7000	0
21994	1
32475	0
5254	1
6376	1
15288	0
25398	1
15442	1
9435	0
27676	1
22535	1
13934	1
18325	1
21294	0
8313	1
57	1
10114	1
31050	1
4748	1
30363	0
365	1
23780	1
29228	1
1942	1
25011	0
1727	0
18763	0
16584	0
7396	0
5960	0
19452	0
28038	0
13999	1
9566	1
30120	1
18115	0
17022	0
1146	1
21777	1
19633	0
3610	0
27488	1
22961	1
24236	0
24545	1
12875	0
28904	1
14359	1
7046	0
4867	0
10786	1
28019	0
4908	0
31889	1
29146	0
6723	0
27550	0
32051	0
28769	1
7993	0
3977	0
4506	0
15978	1
24342	0
18431	1
10183	1
24627	1
21436	1
7536	1
7851	0
24302	0
8950	0
31274	1
18120	1
21619	1
9368	0
21178	1
6991	0
9543	0
8930	0
8395	0
29601	0
30677	0
8289	1
23822	1
27165	1
13361	1
3294	1
440	1
20114	0
19616	0
4631	0
8240	0
8171	1
15018	0
21793	1
8787	0
13962	0
14911	0
24679	1
19533	0
32613	1
16708	0
13626	1
26630	0
7082	1
547	1
9857	0
5565	1
10913	0
10875	1
15879	1
971	0
1351	0
17909	0
54	0
11743	0
28669	0
5397	0
14387	0
16013	0
1631	1
26577	0
24621	0
5344	0
9657	0
21664	1
10268	0
27667	1
1901	0
29185	0
18193	1
8953	0
8841	1
14822	1
17813	1
11259	1
5858	1
29327	1
22604	0
31175	1
28526	1
16953	1
339	0
25716	1
9562	0
7225	0
13104	1
4444	1
16174	1
31318	1
31306	0
13817	0
19807	1
18384	0
17229	1
