24969	0
9802	1
29320	0
17504	1
17230	1
26223	0
24726	1
20592	1
11309	0
1297	0
1463	0
19331	1
25316	1
14588	1
28278	0
26877	1
27827	0
19378	1
25115	0
7474	1
16704	0
8267	1
17001	1
5880	1
12549	1
20256	0
4542	1
17322	0
25990	1
20752	0
11487	0
16328	0
4215	0
4354	0
29417	1
6523	1
20498	0
11102	0
27865	0
24815	0
32565	0
24246	1
5501	1
17557	1
26212	1
1633	0
17450	0
7478	1
14095	0
15915	1
19002	0
6528	0
12363	1
18367	0
8162	1
12218	0
13630	0
16170	0
18235	1
12905	0
27089	0
30957	0
3260	0
14971	1
25605	0
14579	0
2426	0
10549	1
30615	0
11524	0
1067	0
6852	0
3628	1
16097	1
4149	0
6325	1
18728	0
6703	0
18183	0
31985	0
12174	0
20400	1
25077	1
8060	0
29787	1
5438	1
9059	1
18396	1
17453	1
25064	0
26973	0
17971	0
121	1
16638	1
30416	1
25618	0
5826	1
8593	0
25703	1
17784	1
27888	0
7111	0
25965	1
28666	0
21196	1
22521	0
23407	0
4267	1
17643	0
17442	1
3826	0
2724	0
32041	0
7447	1
12423	0
10811	1
13404	0
7410	1
15450	0
14422	0
16146	0
10062	1
15338	1
24778	0
5917	0
28772	1
27770	0
16	1
27384	1
8724	0
16547	1
18439	1
26595	0
27505	0
31679	1
15486	0
28519	0
17752	0
24631	0
13345	0
16851	1
26986	1
12066	1
7223	1
27328	0
15315	1
25764	0
28513	1
26636	1
24911	1
5071	0
20195	1
7710	0
13903	1
27839	1
25546	1
17725	1
287	0
20693	0
26704	1
12609	0
6820	0
1927	1
7132	1
12767	0
13981	0
31254	1
29277	0
8671	0
25815	0
7944	0
30948	1
14226	0
3459	1
17063	0
19822	0
12978	0
31916	1
14360	0
31143	0
3856	1
30672	1
15511	1
29617	1
31823	0
25167	0
30052	1
8733	0
5895	0
13632	0
30834	1
31017	0
8798	1
2712	0
32484	1
30192	1
9037	1
17871	1
12184	1
9961	1
955	1
21921	0
2134	1
4101	1
18403	1
17931	0
30628	0
16767	0
29331	1
18795	1
11560	1
23799	0
26732	0
13990	1
3284	1
3968	1
1928	0
8056	0
2814	0
9503	1
766	1
30057	1
20844	1
23500	1
27107	0
7912	0
23150	0
16769	1
9839	1
882	0
321	1
21668	1
19670	1
15663	1
24990	1
30424	0
14021	1
3761	0
11752	1
3844	1
15199	1
22185	1
30368	1
27395	1
24198	0
20807	1
28661	0
16959	1
2218	1
3976	1
17354	0
12882	0
19050	1
16138	0
13751	0
1129	0
787	1
10303	1
24217	0
12033	0
2791	0
2433	0
6204	1
8529	1
25107	1
24879	1
22114	1
31770	1
29381	1
31765	1
31903	1
30703	1
5176	0
29226	0
31653	1
7934	0
26866	1
30239	0
19647	1
4597	0
16034	1
106	0
1918	0
27212	0
17208	0
6048	1
21885	0
2656	1
4592	0
494	0
16892	1
20647	0
943	0
17163	0
22258	1
20454	0
1426	1
844	1
20134	1
8329	0
3847	0
13858	0
16623	1
23797	0
23813	0
28802	1
26245	1
16821	1
30799	1
31420	0
32380	0
11251	0
28399	0
21906	1
30545	0
15277	0
9959	0
19639	0
3393	0
21381	0
27858	0
2861	0
9640	1
1586	1
26673	1
19503	1
4418	0
31667	0
17625	0
27360	1
5182	1
12460	1
6159	1
28580	0
29760	0
28663	1
6192	0
11439	0
23160	0
11007	1
6080	0
5500	0
25578	1
20686	1
7123	1
32525	0
23229	0
13827	1
17152	1
1749	0
22930	0
8959	0
18524	0
32006	0
28971	1
32737	1
27150	0
9421	0
16361	0
19968	1
3354	0
29633	1
9465	0
18759	0
15269	1
12601	1
68	0
5926	1
10349	0
3440	0
24107	1
764	0
14568	0
16705	0
11079	0
32278	1
26457	1
30252	1
2500	1
766	1
2939	1
2732	0
12105	1
22699	1
29783	0
29521	0
4420	0
4817	0
8579	0
1631	1
12898	0
1767	0
2845	0
28157	1
26459	1
17386	0
18508	1
4048	0
13800	0
15752	1
7936	1
14050	1
24229	0
26795	1
30704	1
24635	0
6625	1
14058	0
5685	1
15479	1
18837	0
22921	1
1497	0
16990	1
28520	1
1323	0
582	0
23791	0
29559	1
20056	1
21942	0
2224	0
1711	1
24894	0
24462	0
1618	1
9767	0
5206	1
18806	0
18599	0
1544	1
2168	1
13055	1
11927	1
21134	0
3905	1
15139	0
9371	0
6619	1
24992	1
25854	0
31354	1
19036	0
22799	0
30703	0
16633	1
16132	0
24493	0
3239	1
17535	1
20536	1
24512	1
9334	0
26802	1
17959	1
4818	1
8198	0
27032	0
19604	1
32031	0
10853	0
11860	0
14025	1
23781	1
28044	0
20354	1
7875	1
5299	0
9462	1
28844	1
1069	0
7183	1
29701	0
9101	0
23561	0
32406	0
21814	0
26275	0
21103	1
28122	0
16056	0
20291	0
29610	1
17838	0
3020	1
24212	0
28909	0
16517	1
10504	0
23536	1
11055	1
24173	1
124	0
13884	0
16239	0
14228	0
14411	0
11684	1
12756	1
2287	1
4922	1
19048	0
18392	1
12840	0
8552	1
14574	1
30179	1
29943	0
31977	0
17203	0
21548	1
8893	1
12672	0
14162	0
25285	1
18437	1
8607	0
21675	0
11636	0
29205	0
30344	0
22892	0
11795	1
30715	0
5401	0
16818	1
17785	1
3284	1
3019	1
9962	0
4223	0
26704	0
22208	1
7772	0
3863	0
23589	1
12922	0
14795	0
10913	1
6947	1
11978	0
17163	0
8842	0
15706	1
11181	1
12684	1
14446	0
3051	0
430	1
32250	1
14199	0
1819	0
10503	1
31820	0
7462	0
31535	0
22457	0
7886	0
15497	0
10880	1
11276	1
22903	1
16420	0
18860	1
981	0
6159	0
1033	1
23781	1
1932	1
30482	1
29482	0
32352	1
32276	0
21584	1
12718	0
1243	0
27167	1
16159	0
15547	0
26621	1
25939	1
15561	1
16989	0
22741	0
8539	1
21432	0
5635	1
17720	1
31908	1
30468	1
27955	0
17610	0
24208	0
10887	0
17533	0
13117	1
31714	1
32261	0
16851	0
21272	1
25716	1
19599	1
14876	1
7431	1
17269	0
6504	1
24706	1
8486	1
17128	0
30230	1
10464	1
16320	1
30514	0
11272	1
19956	0
7550	0
20624	1
11237	1
3801	1
4000	0
14858	1
12821	0
22512	1
5355	0
17394	1
12938	1
26517	0
30937	1
24052	1
10543	0
24138	0
6447	1
4958	0
7937	0
13471	0
19513	0
13580	0
26369	0
1615	1
11033	1
30397	0
5308	0
17908	1
7984	1
31956	1
12944	1
29743	0
15196	1
19568	1
30439	1
13847	0
30015	1
17636	0
22592	1
28221	0
13045	0
30133	0
9741	0
25389	0
1605	1
22714	0
1633	0
29284	0
27898	0
14256	1
7205	0
25923	1
22288	1
28323	1
29642	1
28992	0
19769	0
1789	0
26519	0
6394	0
28283	1
14850	1
8962	1
4476	0
21089	1
12850	1
2540	1
16473	0
4462	1
22060	0
3766	0
26612	1
15621	1
16062	1
30643	0
28682	0
3820	1
1100	1
32554	0
7792	1
6932	1
8300	1
4363	0
179	1
1013	0
12985	1
25206	0
30470	0
30133	1
5816	1
11879	1
4878	1
5912	1
26937	1
22380	0
18259	1
28455	0
10986	0
12306	0
4277	1
2021	0
19664	1
18839	1
1611	0
15951	0
20086	1
11448	1
19962	1
23903	0
24035	1
17152	0
9084	1
28034	0
7040	0
13918	1
14268	1
16169	1
12288	1
10767	0
26053	0
16297	0
9426	0
15203	0
27907	1
8197	0
25612	1
27522	1
11294	1
5576	1
27290	0
5045	0
13739	0
10788	1
22750	0
14334	0
7037	1
14144	1
13548	1
4105	1
30995	1
16937	1
13673	1
17220	1
16825	1
19287	0
6463	0
15375	1
3281	1
26340	0
5908	1
3318	1
18023	0
2984	1
14190	1
27485	1
23506	0
21956	1
13113	0
26200	0
23025	0
1761	0
5788	0
9021	1
25839	1
19821	1
17723	1
8258	0
1280	0
15806	1
4184	0
27751	1
13992	0
30870	1
28246	1
13496	0
19540	1
32489	1
15914	1
23526	0
21862	1
16520	0
19049	0
24789	0
1067	0
13888	1
25684	0
19925	1
21417	0
21247	1
25234	1
13302	0
12312	1
25339	0
21028	1
4063	1
8459	0
5902	1
4102	1
23107	0
19939	0
3735	1
8752	1
7282	0
17511	0
26160	1
18092	0
30022	0
5475	1
31245	1
25289	1
13574	0
13437	1
15120	0
430	0
9150	0
7976	1
17627	1
19252	1
19992	0
5941	1
25902	1
15435	0
17596	1
331	0
17313	0
5631	0
1268	1
22877	0
643	0
25628	0
13064	1
14564	0
3475	0
3576	0
6730	0
1500	0
29247	1
2372	1
32763	0
20831	0
30230	1
27444	1
12065	1
15146	1
24190	1
19402	1
22235	0
31053	1
30679	0
19517	1
18000	1
20564	0
16846	1
29268	1
27938	0
30534	0
26007	1
11530	1
16400	0
18123	1
32548	0
18383	0
20262	0
22839	0
6602	1
18482	1
4995	1
20395	0
16066	1
27453	0
930	1
13511	1
30668	0
28073	1
22967	1
11272	1
23696	0
15154	0
3623	0
1031	1
14921	1
1756	1
30919	1
3782	1
20422	0
10645	1
18122	0
3389	0
809	0
1888	1
5476	1
10483	0
20509	0
28801	1
20801	1
7041	1
30949	0
26690	0
30129	0
843	0
32109	0
22841	0
2085	0
23942	0
23817	1
3808	0
27008	0
16026	1
17529	0
10448	0
19134	0
27099	0
577	1
20688	1
15065	0
14544	0
9258	0
18037	1
28859	0
7336	0
12138	1
5831	1
26820	0
26548	1
11221	0
4882	0
20717	0
11464	1
10563	0
8254	0
11880	1
4565	1
15040	1
16077	0
15993	0
2764	1
32731	1
4809	0
13540	1
27223	1
686	0
5786	1
1229	0
15423	0
16281	0
4741	1
4124	1
26250	1
24352	0
4039	1
22865	1
18684	1
10275	1
7511	1
13228	1
14742	0
27179	0
5039	0
29148	1
31058	1
11614	1
31135	0
2039	0
19799	1
12839	0
25688	1
28457	1
14168	0
27320	0
17969	0
8939	0
2049	1
29911	0
27424	1
13955	0
25007	1
32298	1
916	1
23719	0
3906	1
18297	1
10805	0
814	0
32276	0
21139	0
