4966	0
609	1
2081	0
561	1
67	0
29125	0
26861	0
30421	1
28909	0
10915	0
22416	0
19315	1
5432	0
1732	1
19699	1
16302	1
1889	0
11137	0
8326	0
24681	0
29978	0
10781	1
21391	1
17826	0
10597	1
28290	0
16299	1
6184	0
19840	1
31884	1
8051	0
8193	1
28386	0
2502	0
357	0
20520	1
28224	0
24390	1
5190	0
23631	0
28452	0
18029	0
2406	1
27673	0
3079	1
26386	1
24235	1
32175	0
8827	1
10400	0
2895	0
22915	0
10900	0
26828	0
1613	0
9093	0
26622	1
32070	1
2080	0
4037	0
5789	1
18301	1
12873	0
26656	0
6073	0
29711	1
32183	1
24216	1
6108	0
16198	0
472	0
7701	1
16192	1
18463	0
7876	1
12350	0
26713	1
14850	1
2911	0
4861	1
31348	1
12889	1
8736	0
16340	1
31534	0
20705	0
2231	1
31111	1
8479	1
3187	1
19811	0
12310	1
3912	1
23676	0
31730	1
20856	0
16139	1
31860	1
30478	0
20091	1
19020	0
17155	1
10171	0
10700	0
5732	1
232	0
5109	0
12414	1
24753	1
26274	1
22129	0
5083	0
11301	0
7483	0
31317	1
17962	1
21567	1
7120	0
3385	0
25735	0
5294	1
5840	0
10487	1
30719	0
4001	0
18980	0
23263	0
185	1
14485	0
753	0
3992	1
24174	1
7915	1
14446	1
14803	1
18976	1
32560	1
7942	0
15494	0
10544	0
8965	1
19351	1
9949	0
25097	0
3284	1
8674	1
29492	0
26928	1
30067	0
30769	0
16637	0
27035	1
2697	0
84	1
32597	1
5766	0
6585	0
10087	1
21560	0
22545	1
30071	0
513	0
28066	0
10467	1
30397	0
18672	0
27233	1
31295	1
25189	1
26563	0
11999	0
29280	1
4384	1
15805	0
1716	0
24694	1
30788	0
7677	1
23102	1
8447	0
15912	1
10983	1
24017	1
22912	1
8628	0
14375	1
30992	0
13163	0
6119	0
24520	1
26345	1
22863	0
1583	1
28749	1
4362	1
20897	1
10921	1
19104	0
23281	1
9412	1
17742	1
25262	0
14816	0
1113	1
6342	0
25737	1
27900	0
19098	1
32165	0
5728	1
7462	1
29855	0
10934	0
18080	1
3790	1
8008	0
31908	1
13323	1
660	0
32000	1
18485	1
21421	1
15963	1
1362	1
21203	0
24551	1
30733	0
8912	1
18054	1
12136	0
5395	0
28615	1
31325	0
4690	0
25076	0
23642	0
1499	0
29919	0
20739	1
24573	0
5897	1
20767	1
10017	1
28615	1
5677	0
2373	1
29934	1
16040	1
21000	0
31866	0
18390	0
3960	1
17937	1
9067	0
20385	0
32039	1
9244	0
17669	0
18454	0
10870	0
13673	0
1054	0
32616	1
18410	0
28296	1
31481	0
14274	0
22997	0
10432	0
10397	0
30166	0
11619	1
29875	0
16998	0
17389	0
28979	0
19697	0
11083	1
5935	1
16848	1
5335	0
25176	0
2107	0
10027	0
10819	0
94	0
6503	0
27472	1
23887	0
23489	1
12707	1
22413	0
22206	0
30478	1
18697	0
7206	1
14192	1
18456	0
19677	0
8537	0
4909	1
12421	0
17708	0
13158	0
26350	0
28416	0
30900	0
4794	1
23437	1
20378	0
17216	1
2886	1
18331	1
30230	0
18402	0
17852	0
6678	1
26450	0
24245	0
8665	1
30424	1
31809	0
2718	1
3588	1
2963	0
17314	1
1557	0
31119	1
21424	0
27183	1
4362	1
4093	1
26865	0
15589	0
17133	1
2537	1
4199	0
4432	1
26936	0
7542	1
12252	1
21671	0
24716	1
32338	1
28460	1
23431	0
21112	1
28510	0
2351	1
3214	1
10464	1
8570	1
32037	0
16305	1
3970	1
12242	0
21744	1
24911	1
24725	0
13198	0
12009	0
27549	1
12462	0
17841	0
25436	0
22593	1
6640	0
12312	1
8525	0
25665	0
23387	1
7985	1
14625	1
25628	1
12472	0
20066	0
25990	0
28852	1
7373	0
3789	0
3867	0
4124	1
28746	0
6646	1
18918	0
8512	0
20569	1
11654	0
30033	0
600	0
8240	0
9174	1
11451	1
15844	0
31699	1
9367	1
11780	0
3372	1
7234	0
20750	0
15689	0
20919	0
10033	1
24909	0
24930	1
27257	1
18948	0
5937	0
2363	1
13715	0
5679	0
20838	1
26855	0
13790	1
192	1
26076	0
22852	0
17490	0
6242	0
31214	1
7045	1
14015	1
6056	1
26262	0
9945	0
16888	0
3904	1
9595	1
21963	1
16656	0
5571	0
25710	0
18098	1
1128	0
10789	1
19645	1
29682	0
2434	0
29107	1
4641	1
8887	1
23192	0
6092	1
20941	1
3306	1
13446	1
6800	1
6335	0
24799	0
11236	0
18559	0
26836	1
6003	1
24197	0
28366	0
5995	0
13334	1
9999	1
1065	1
28457	1
30864	1
12455	1
28560	0
21341	0
24370	0
7520	0
424	0
4720	1
1847	1
27983	1
21503	0
25988	0
10287	1
7081	0
7503	0
31251	1
30569	1
29410	0
18313	1
23515	1
19313	0
7387	0
13729	0
20840	1
19959	0
31687	0
30879	0
13290	1
273	1
6719	0
11152	0
9912	0
25456	0
29513	0
16285	1
28812	1
7967	0
19686	0
24445	0
301	1
19683	0
25539	0
31432	1
31559	1
29824	1
29600	1
25025	0
6884	1
5922	1
20966	1
11815	0
7917	0
6632	1
26491	0
19111	1
11555	0
18087	0
26482	0
787	0
31718	1
21644	0
21363	1
14393	0
9075	1
22379	1
14805	0
25302	1
14262	0
20283	0
12606	0
21318	0
8419	0
19900	0
12257	1
10928	0
9426	0
26652	0
11390	1
16235	1
12217	1
26490	1
16488	1
28776	0
24474	1
13025	0
18003	0
10	0
9495	0
30155	1
25801	1
14595	0
31846	1
6311	0
29313	1
17296	0
13299	0
17969	0
9640	1
24613	1
21685	0
18519	1
14893	0
19550	0
3695	1
11392	0
30647	0
1315	1
24244	0
19761	1
2512	0
2189	0
11828	0
9169	1
19991	0
23987	1
19975	1
9264	1
12640	0
25321	1
8021	0
18886	0
12784	0
11566	1
23405	1
2704	1
4028	0
15247	0
24408	1
511	1
23764	0
26772	0
15952	1
24371	1
18014	1
23615	1
2869	1
28129	1
4186	1
28283	1
16478	0
20326	0
13231	1
10391	0
25738	0
31493	1
13950	0
5738	0
8424	1
8191	1
11769	0
17240	0
26274	0
18328	0
17402	1
556	1
2518	1
31968	0
30290	1
7214	0
22792	0
28501	1
7325	1
29753	0
2647	0
25703	1
8235	0
21926	1
2177	1
8591	1
32727	1
28053	1
22311	0
7534	1
29324	0
7836	0
7461	1
28836	0
14102	0
25428	1
4527	1
13657	0
17699	1
27773	0
19197	0
3592	1
13436	1
21525	0
4188	1
25416	0
21826	0
22677	1
7177	0
21286	1
28317	0
8267	1
26958	0
17887	1
29309	0
30598	1
12386	1
15243	0
22962	1
13132	1
18931	0
26629	0
8254	1
20218	1
29692	1
29826	1
21147	0
17710	1
31702	0
16805	0
30927	1
23369	0
5915	0
6740	0
5508	1
3461	1
27593	0
21170	0
1871	1
6410	1
23877	0
24454	1
25645	0
31528	0
12617	0
29292	0
10435	1
12110	1
13068	0
11139	1
24956	0
9322	0
20666	0
2540	0
13124	0
31014	1
13314	1
4337	1
18881	0
6683	1
30885	0
15498	0
4109	0
18938	0
3811	1
21310	1
6284	1
7774	0
25051	0
13188	0
7445	0
19789	0
7042	1
12737	1
28159	0
22170	1
11868	1
29178	0
27007	0
2818	0
18346	0
2567	0
18242	0
11700	1
19755	0
26466	1
29376	0
4782	1
25884	1
17578	0
26897	1
20722	1
3571	1
25242	0
15784	0
3224	1
25758	1
4554	1
25019	1
2067	0
21028	0
31465	1
22480	0
10332	1
25246	0
7360	1
9323	0
14722	0
28293	1
9382	1
31776	0
7148	1
8716	1
9119	1
1786	0
22502	0
29372	1
26344	0
4073	1
14520	1
8692	0
28941	1
14155	1
14334	0
3008	0
6661	1
11949	0
16609	1
16968	1
11037	1
9631	0
11771	0
9871	1
5619	0
6110	0
29502	0
9481	1
23886	0
17389	1
11843	1
3360	0
17293	0
25340	0
20870	0
27211	1
29144	1
9931	1
25170	1
12017	0
29806	1
17566	0
20173	0
3296	0
18151	1
24287	0
23068	0
27338	0
10037	0
13131	0
21195	1
4202	0
29292	1
3883	0
1775	1
273	1
21414	0
25240	1
2883	1
27457	0
13519	0
10170	0
12105	0
10981	1
22048	1
29788	0
23517	0
6003	0
15278	1
30144	1
29024	1
29534	0
31995	1
11675	0
21299	1
9017	1
15414	1
11446	1
22891	1
10004	1
27911	0
10784	1
17609	1
16426	1
31359	0
14075	0
16203	0
19862	0
27377	1
19944	0
28687	0
17853	1
23550	1
19930	0
27769	1
31905	0
10593	0
100	1
13505	1
31455	1
4996	1
13662	1
20645	1
4609	0
13203	0
3069	0
23909	1
19957	0
1244	1
23647	0
9183	0
13325	0
17795	1
23298	0
22978	0
9800	0
708	1
12596	1
4987	1
4546	1
13793	1
17687	1
18389	0
6830	0
5958	0
8481	1
13654	1
6548	0
31628	1
2961	1
27199	0
1753	0
10541	0
13185	1
17780	0
29948	1
20465	1
24816	0
5884	0
26532	1
17432	0
32302	1
25170	0
20660	1
20214	0
15194	0
30840	0
20719	0
26450	0
24859	1
23107	0
5013	1
21650	1
6181	0
10514	1
30431	0
9605	1
4872	0
17968	1
12568	0
19571	0
1147	1
26769	0
24748	0
16987	1
16987	0
9120	1
16483	1
23407	0
26230	0
4214	0
9813	1
557	0
27216	0
7782	1
10266	0
16489	0
13353	0
16208	0
6518	0
32563	0
1241	0
20752	0
28820	1
18610	0
24257	1
32137	0
14250	1
30674	1
29770	0
25313	0
5167	0
3930	0
19778	1
26410	0
9556	1
554	1
2043	1
15413	1
2994	1
21494	0
17680	0
14777	1
4569	0
15487	1
21229	1
24769	1
23928	0
5621	0
15623	1
11036	0
23662	1
5026	1
5222	0
16366	1
15646	0
17644	0
16634	0
24983	1
8848	1
19591	0
28498	0
1547	1
28043	1
26159	1
16922	1
30304	1
8679	1
17892	1
23255	1
25744	0
27666	1
29855	1
15130	0
9058	0
19431	0
4551	1
14864	0
306	1
4500	1
24966	1
17545	1
16123	0
3509	0
16237	0
15362	1
6965	0
28497	1
